78 39 0 18 0 46 0 42 53 0 99 69 0 0 0 90 73 76 0 88 0 57 66 0 0 5 36 61 85 0 0 0 0 83 0 79 0 0 0 92 0 22 17 69 76 25 11 0 64 45 75 33 16 0 0 0 51 66 0 92 18 0 0 47 0 71 28 71 35 0 39 5 0 28 58 0 52 0 7 0 0 49 0 0 0 0 0 64 26 30 83 75 0 41 0 90 75 76 42 66 
0 0 4 37 11 0 0 0 41 43 60 0 0 6 0 10 0 29 0 0 98 58 0 56 92 69 0 0 12 0 0 0 0 0 16 0 49 0 0 81 0 0 41 0 0 96 0 27 0 0 44 0 0 17 62 35 0 96 0 70 67 59 0 0 0 0 7 85 0 18 19 0 0 44 0 0 81 90 53 0 98 66 0 0 0 29 80 0 0 0 0 3 0 14 0 55 0 56 0 74 
63 62 48 0 10 80 0 14 0 0 49 20 90 9 5 0 89 47 0 0 0 64 0 0 52 0 0 0 34 76 35 66 30 43 0 0 4 96 0 0 0 0 63 0 48 0 9 38 41 0 0 0 78 28 65 72 70 61 0 13 7 0 69 14 80 72 1 0 0 55 92 71 99 10 0 9 0 0 0 0 83 92 81 0 72 0 75 0 93 11 0 0 0 0 16 0 0 0 0 0 
0 73 96 0 0 0 13 0 0 0 0 45 0 0 45 4 10 0 0 0 0 34 0 0 94 77 0 0 0 0 85 0 47 79 0 4 35 43 0 0 12 0 0 0 0 0 0 0 0 0 44 0 0 32 69 22 0 0 54 66 0 33 0 5 0 99 75 0 18 0 20 0 11 29 31 48 84 72 0 70 47 0 0 0 0 42 0 39 0 0 84 91 0 18 0 0 0 0 0 49 
78 0 0 18 52 4 0 72 0 20 83 0 47 0 52 0 0 64 4 0 78 28 73 0 0 0 0 0 0 72 45 0 0 0 0 40 0 59 55 0 42 0 93 0 59 7 0 0 0 0 0 0 0 0 5 0 16 42 5 0 86 98 93 0 69 0 0 76 0 55 96 0 0 0 98 0 38 27 88 35 62 0 90 0 0 0 0 35 66 0 0 0 0 56 0 0 0 0 50 0 
0 97 48 67 0 0 30 0 0 19 0 0 61 0 0 55 78 0 0 9 0 18 77 25 74 0 20 32 0 43 0 7 69 0 33 0 80 0 8 27 9 48 0 88 99 0 0 0 0 0 64 0 0 87 62 33 0 32 81 19 38 90 56 78 0 0 0 98 0 0 81 3 0 24 0 0 0 0 92 0 28 36 17 0 0 0 71 0 86 0 0 78 0 0 0 0 0 0 0 0 
0 32 0 0 0 56 0 0 0 0 0 0 0 19 0 5 0 0 90 60 68 35 0 28 94 0 82 83 0 68 0 71 96 0 57 83 86 0 0 0 34 98 78 58 0 44 50 26 41 76 69 83 73 0 0 0 0 0 35 0 0 2 46 0 57 0 0 0 0 0 0 0 0 1 0 67 36 28 60 0 0 0 69 0 0 99 0 56 38 72 0 64 15 0 0 15 0 0 58 0 
0 14 69 0 12 36 40 57 38 0 59 0 0 56 0 22 75 57 50 31 81 31 12 0 0 0 77 0 0 0 56 34 8 51 0 2 0 14 39 58 0 91 0 0 33 0 0 68 0 70 73 26 0 0 0 0 71 95 0 22 0 53 99 89 91 0 0 0 0 0 43 0 0 13 0 6 51 55 0 4 4 0 0 0 0 0 0 0 76 73 0 33 31 0 45 0 0 0 14 0 
0 19 0 0 46 0 0 99 0 88 0 0 43 0 0 37 11 0 0 36 29 87 0 0 0 41 57 0 65 87 0 0 91 0 62 4 0 0 44 0 0 58 68 70 0 0 0 14 0 0 0 0 0 0 0 0 0 86 53 0 78 4 0 43 0 0 36 0 38 0 49 50 71 0 27 0 28 0 71 0 0 3 79 8 20 0 0 0 0 0 4 17 63 5 6 0 0 0 83 14 
0 17 72 0 0 34 0 95 25 38 54 0 0 18 0 82 0 0 24 0 37 18 70 78 0 10 46 0 0 60 98 0 43 3 0 0 0 0 0 0 78 62 0 0 68 0 0 0 0 0 16 0 52 39 0 96 67 31 26 0 0 2 0 0 78 35 0 29 46 0 0 43 0 0 34 23 0 0 0 40 0 53 0 64 0 35 40 0 0 59 67 0 27 0 69 0 0 42 0 20 
90 0 0 8 0 28 38 0 0 0 0 52 0 0 0 0 70 0 0 0 0 0 89 67 0 67 23 77 31 46 0 0 45 34 0 36 49 0 81 0 66 0 0 0 0 12 43 0 68 0 0 0 20 57 30 42 39 14 37 0 75 0 11 1 15 0 0 30 27 76 50 0 0 0 61 0 0 51 59 0 0 65 73 49 53 0 63 98 0 0 0 55 71 0 0 6 22 0 92 0 
53 0 37 0 1 32 0 57 0 0 66 0 0 10 38 88 0 95 0 51 93 57 57 0 0 0 0 76 2 0 0 64 3 66 14 0 14 15 12 0 99 79 73 0 88 0 0 0 28 0 0 0 16 20 0 91 0 67 0 17 91 0 0 0 57 0 99 0 0 0 0 18 45 28 0 1 0 0 37 0 26 24 0 80 0 0 57 48 0 22 0 0 0 0 0 0 0 0 0 17 
89 87 93 85 0 29 0 56 14 9 80 3 0 62 0 0 0 86 82 59 0 0 0 0 45 0 0 0 0 80 1 0 0 0 0 80 0 0 0 55 0 0 34 0 11 0 0 0 0 0 0 0 0 0 0 0 68 73 98 0 0 0 0 16 35 0 0 67 83 65 0 0 0 0 0 0 0 68 0 0 75 6 0 0 0 55 14 39 0 68 0 58 83 71 0 77 0 0 0 31 
0 5 76 54 0 0 0 0 0 0 38 0 48 0 0 19 23 0 0 0 0 7 90 65 13 63 79 11 90 0 30 53 0 0 0 56 0 0 0 58 0 10 0 99 0 0 97 23 0 79 0 37 13 0 28 8 99 0 0 58 0 6 0 62 0 32 0 0 0 0 0 0 77 10 0 0 77 64 0 8 0 83 9 0 51 76 66 0 0 0 13 0 0 0 87 90 1 0 84 82 
94 2 5 2 67 0 0 0 97 0 27 73 72 87 90 0 0 60 0 0 0 0 0 35 0 0 69 0 0 0 0 0 0 0 0 0 0 0 83 0 6 0 17 69 0 0 84 1 0 0 0 24 0 59 0 0 0 0 0 28 0 1 82 0 12 58 62 0 0 0 0 0 0 94 0 43 0 0 54 0 43 10 32 0 81 99 0 0 7 96 0 0 0 64 0 0 0 0 0 94 
82 0 0 67 0 0 0 66 16 0 0 6 0 0 43 0 0 10 0 0 95 0 25 0 76 20 0 0 91 15 0 60 96 29 68 69 49 0 25 38 35 53 58 35 15 0 0 0 0 16 56 83 86 85 0 0 39 0 23 0 60 0 25 59 58 74 9 14 19 0 68 0 0 0 0 0 40 63 0 42 88 50 0 89 19 87 0 0 50 0 42 3 2 22 72 28 86 0 3 90 
0 0 0 84 0 0 0 0 0 10 32 0 92 0 0 54 0 70 73 80 56 42 21 0 0 16 82 67 25 89 0 42 0 0 0 0 0 30 13 0 20 0 0 75 55 95 99 63 0 28 0 95 0 92 0 37 0 0 0 75 0 29 0 37 13 0 0 0 67 73 0 67 0 3 65 0 38 24 28 0 0 81 69 0 0 77 50 0 44 0 39 88 14 41 0 0 86 58 0 0 
73 6 0 0 47 0 0 0 0 58 0 54 18 0 57 0 0 10 65 55 70 78 0 53 0 73 0 0 0 0 37 50 9 27 0 2 34 0 0 36 0 97 12 0 0 0 0 0 22 0 79 0 0 0 10 0 0 14 73 0 83 0 0 0 93 80 59 16 0 0 88 0 0 0 0 0 0 0 0 75 38 44 40 0 39 61 0 75 50 0 4 97 0 64 62 0 77 35 25 0 
0 13 0 0 66 7 69 0 0 0 65 0 2 51 0 67 15 8 0 3 22 0 54 0 0 0 73 0 77 0 78 72 86 0 57 0 0 70 0 68 0 89 86 21 11 81 45 0 0 0 0 68 0 2 25 60 35 21 0 0 0 99 0 2 0 18 38 0 82 19 25 28 0 82 0 36 88 0 0 0 0 73 0 0 42 0 0 0 4 51 0 0 0 0 0 58 11 0 0 5 
0 0 69 0 20 0 4 0 39 0 8 0 43 95 15 0 0 0 99 0 0 22 0 61 0 0 11 0 99 15 91 0 0 16 0 0 0 0 0 26 74 0 0 67 51 95 90 35 0 0 50 0 0 0 1 0 0 71 22 93 0 34 38 0 47 0 0 0 98 0 0 0 0 0 0 0 69 22 19 95 58 17 0 0 83 0 98 0 0 40 96 0 0 0 0 50 0 0 60 55 
43 78 0 0 96 29 49 0 77 0 0 58 65 0 35 56 0 0 0 49 80 0 85 0 0 0 0 82 0 41 90 44 97 52 0 22 0 0 0 0 0 0 23 0 0 61 69 53 0 0 88 75 73 0 0 0 0 0 0 0 0 0 0 82 0 90 30 0 0 75 0 39 28 91 0 22 0 0 0 93 0 73 59 58 77 59 0 63 67 0 0 0 0 56 0 49 89 44 84 1 
0 0 27 77 0 96 53 0 75 0 0 54 9 0 47 0 0 72 88 0 0 53 77 0 98 0 0 0 0 0 0 80 0 35 0 0 82 85 0 50 0 0 3 0 0 5 49 0 23 0 0 0 0 95 0 23 15 0 0 0 0 0 21 57 41 67 0 63 0 52 0 0 0 28 0 0 0 71 11 0 0 74 32 0 14 90 0 0 10 0 29 77 0 54 0 20 37 27 53 0 
0 0 7 0 48 57 40 66 0 0 0 53 84 0 0 37 0 0 0 0 25 0 96 54 20 5 43 0 49 0 35 0 0 36 0 0 0 0 91 16 0 49 0 68 0 0 7 91 25 29 0 0 0 39 83 0 49 0 63 0 16 82 28 0 86 0 0 0 86 62 52 0 0 12 0 42 0 14 69 0 43 0 0 41 0 1 73 91 0 1 0 96 0 28 12 81 99 92 52 89 
84 0 56 0 0 0 43 0 51 67 0 0 0 2 78 70 43 0 0 24 59 0 98 0 0 77 17 0 71 0 57 0 84 44 26 0 26 0 96 0 60 55 76 90 0 0 31 1 19 93 0 0 9 8 66 0 0 6 48 62 0 3 69 29 24 21 1 0 22 0 0 0 0 0 7 20 0 0 0 75 0 61 93 0 0 0 0 0 0 55 0 0 43 0 0 0 18 51 0 16 
56 0 71 17 0 92 38 36 0 0 56 0 48 65 66 18 0 51 24 46 0 84 98 18 0 0 0 0 0 0 78 0 0 7 0 28 13 0 24 40 95 61 77 0 0 31 0 3 0 0 69 7 0 0 0 0 0 77 0 0 38 0 0 95 60 0 0 21 0 0 32 0 0 91 0 0 39 0 50 45 0 0 0 0 0 43 99 46 0 0 49 0 35 36 0 42 0 0 0 0 
0 0 70 1 61 9 7 0 46 47 72 0 12 0 0 0 19 0 0 0 83 0 64 83 0 60 0 35 0 0 14 91 0 37 80 39 0 65 10 0 88 0 0 0 0 0 0 0 6 47 91 0 0 0 0 24 62 3 77 0 0 56 0 88 2 0 64 0 90 48 65 0 0 14 87 34 0 0 0 90 0 94 11 0 0 0 55 43 75 34 0 0 0 0 0 50 0 92 80 0 
0 0 0 25 0 0 39 11 0 38 45 84 0 0 72 18 0 23 0 73 0 26 0 8 0 32 0 62 98 48 0 0 36 0 0 0 39 32 0 9 0 0 97 14 0 86 7 0 0 0 0 0 49 0 0 0 41 0 0 0 0 42 55 20 97 29 0 77 48 21 45 7 0 0 0 92 0 32 0 0 27 35 0 38 54 81 0 0 11 0 0 0 6 0 35 0 69 0 0 40 
5 28 3 6 11 0 0 0 0 0 0 31 0 0 55 0 0 0 0 0 34 0 0 1 0 0 41 36 0 22 0 35 0 0 0 51 21 0 10 0 0 0 10 0 69 7 0 5 93 0 0 0 3 0 12 78 0 0 0 0 69 0 0 0 26 77 15 59 0 0 0 76 0 0 16 0 8 9 71 0 53 6 64 0 0 81 38 74 0 64 46 0 0 0 84 0 93 84 31 0 
68 11 0 0 0 33 0 84 82 0 55 0 0 0 97 0 63 0 0 0 0 0 91 52 0 0 84 0 11 0 87 0 62 17 61 0 26 56 68 91 54 81 32 32 0 69 0 79 80 0 0 9 87 77 41 53 0 5 43 79 65 0 0 0 0 70 66 52 58 0 15 0 0 32 35 77 0 34 0 0 61 26 82 0 48 1 0 82 0 97 0 63 0 46 0 0 8 21 27 92 
64 0 3 0 68 0 82 0 0 1 0 53 70 0 0 0 0 77 0 0 26 65 94 0 0 0 48 46 0 0 0 0 0 37 0 19 55 25 0 95 0 0 0 0 6 42 0 75 0 0 41 0 0 0 0 0 0 0 0 0 30 58 41 0 0 45 72 10 42 68 0 80 0 54 0 3 0 60 0 0 0 32 0 0 0 51 0 0 85 0 3 81 0 0 0 7 0 72 2 3 
0 64 45 14 61 0 59 0 0 66 65 0 0 0 72 0 30 0 54 92 0 75 0 0 0 0 0 0 88 0 81 0 0 51 96 0 77 0 0 48 0 93 47 0 45 0 0 77 8 0 39 0 65 53 0 0 0 0 0 0 74 14 0 0 0 0 60 0 0 0 0 0 0 0 0 36 10 0 36 41 79 20 0 0 40 94 0 74 0 0 0 61 0 9 52 43 40 96 0 0 
82 0 43 0 0 98 21 0 10 0 80 37 0 26 42 0 0 74 12 0 0 0 24 0 0 0 0 0 25 45 0 44 55 15 0 26 78 0 0 73 0 46 87 92 41 71 38 84 0 0 0 18 0 16 0 4 0 0 8 0 28 95 0 78 70 70 0 92 42 99 0 0 0 55 34 0 56 0 0 0 11 24 88 27 0 53 94 0 0 93 0 27 0 69 0 0 0 13 28 0 
7 0 0 14 0 0 27 0 43 0 22 22 0 0 0 67 0 0 0 0 0 0 0 0 38 0 92 0 96 0 0 0 0 10 0 0 0 0 0 0 0 0 0 84 0 0 0 97 0 64 55 0 39 46 43 0 0 0 0 81 83 16 0 10 28 0 67 0 0 0 0 89 0 0 25 0 0 27 3 22 0 0 96 68 1 83 0 0 22 0 0 0 67 0 17 80 0 0 3 36 
81 56 91 0 0 27 98 28 6 50 0 0 96 0 0 0 86 75 0 0 91 0 0 75 0 98 0 0 0 0 0 0 27 0 0 0 36 0 66 0 0 0 0 0 35 0 0 43 3 0 93 0 51 6 0 51 7 83 87 92 0 2 0 0 0 6 80 35 0 31 6 96 0 0 0 0 0 0 94 65 0 0 0 57 0 0 90 0 91 92 29 0 10 8 0 0 55 82 10 0 
0 50 0 0 59 41 0 0 0 62 63 0 0 36 64 42 47 0 97 22 0 52 0 0 0 20 46 45 97 29 0 1 96 21 0 0 72 0 0 0 30 0 12 29 47 3 0 0 66 32 67 6 0 0 27 56 81 51 0 0 0 0 0 0 0 0 0 0 0 0 0 0 0 0 76 82 0 99 35 0 0 80 0 0 0 58 0 51 42 0 50 0 4 0 0 20 67 0 21 0 
7 31 14 58 51 0 0 0 60 94 84 0 0 41 28 0 0 35 0 86 0 23 10 0 0 77 0 96 45 79 1 0 0 0 0 0 0 3 0 93 0 0 0 0 0 13 90 0 0 0 0 0 0 18 0 99 25 0 0 0 0 14 64 0 40 0 28 65 2 85 71 0 29 0 0 0 52 55 0 71 0 0 0 55 0 0 0 0 0 0 0 0 65 73 0 10 0 74 89 96 
0 53 0 63 27 45 0 30 0 45 61 0 0 20 0 0 0 72 53 16 0 0 8 0 0 19 0 19 44 79 12 0 0 41 53 48 41 0 0 96 0 0 0 99 0 0 0 0 5 33 0 0 0 0 0 92 90 6 47 0 81 0 71 0 0 0 42 76 4 0 0 96 21 0 8 0 75 67 25 50 0 0 0 64 0 0 38 0 0 59 37 6 0 0 53 0 0 0 45 32 
0 21 0 0 39 96 0 0 85 0 0 31 94 72 0 0 0 0 35 0 69 92 29 0 11 2 20 0 26 35 0 0 40 20 68 31 0 0 34 0 0 0 19 0 0 55 0 66 0 0 45 23 87 83 6 0 56 0 37 0 0 0 48 53 0 0 0 0 85 0 0 36 0 0 41 0 0 15 74 37 26 0 0 0 0 82 58 0 0 92 6 28 66 0 0 0 32 94 77 0 
97 0 70 11 60 2 0 0 97 0 49 0 0 0 24 0 81 2 0 0 0 11 29 20 0 0 43 0 0 0 0 10 50 53 15 61 0 0 0 0 0 42 18 64 0 0 22 0 41 46 0 0 57 35 0 0 0 2 0 0 15 0 0 15 32 92 0 68 0 0 56 0 5 62 40 0 61 14 13 0 37 0 0 0 90 89 0 75 2 96 70 54 0 67 18 0 0 95 0 89 
0 0 0 89 47 37 64 40 54 83 0 89 40 31 0 0 0 0 85 84 7 0 9 0 0 86 0 0 0 0 13 0 0 86 28 12 43 63 0 0 0 18 0 0 0 0 0 92 0 71 0 59 0 17 0 53 0 80 95 0 0 56 0 57 0 96 19 9 57 24 64 0 0 0 0 26 65 71 23 0 0 0 82 0 96 78 1 0 0 74 0 0 0 35 0 0 58 75 0 8 
37 0 0 59 56 0 71 0 32 98 0 0 6 0 77 0 15 57 0 72 0 5 25 0 23 43 0 24 0 0 89 0 0 45 5 58 49 0 7 72 0 65 46 27 25 75 7 70 99 0 0 47 0 53 64 0 0 35 0 87 0 0 0 0 69 0 0 48 0 0 0 0 0 28 0 0 5 0 0 0 21 96 0 0 76 0 0 83 0 0 54 0 95 0 26 18 0 0 83 30 
0 59 68 51 23 98 23 0 31 75 55 0 44 24 0 20 0 0 0 44 0 0 51 45 96 0 0 99 0 0 0 0 0 36 0 74 30 86 0 0 92 44 48 0 0 0 0 66 23 79 53 0 4 0 0 79 0 78 51 0 0 25 86 0 0 0 0 74 82 47 0 0 2 53 96 81 20 58 0 0 59 0 70 34 12 0 51 0 30 54 0 34 80 0 54 0 0 0 62 0 
0 58 75 65 0 0 0 0 34 8 0 0 2 0 96 0 38 0 0 10 30 1 0 32 0 0 89 0 0 49 0 83 18 0 76 19 64 47 35 0 0 0 79 0 97 59 0 0 2 0 0 0 0 97 0 0 1 0 0 0 0 95 0 21 13 81 39 0 70 12 0 0 75 29 0 39 0 0 49 22 86 19 0 31 0 0 0 29 1 0 0 22 0 95 32 0 0 25 92 86 
0 87 0 58 0 39 3 0 0 0 9 91 21 0 11 0 26 0 76 84 38 0 0 0 86 51 0 35 67 63 10 40 0 0 0 0 32 57 0 99 54 82 48 0 0 89 94 0 0 58 24 0 0 21 44 0 0 96 26 0 0 9 25 0 0 82 84 42 0 0 54 4 9 20 0 35 0 0 86 31 0 0 5 53 0 8 0 3 0 37 15 0 0 28 0 0 0 0 38 0 
0 0 0 33 0 23 88 0 78 0 29 9 0 0 0 0 0 0 0 0 0 0 0 89 0 48 0 40 23 80 0 0 0 0 59 82 49 61 0 0 0 9 17 58 41 66 27 0 0 28 23 0 0 23 0 0 0 0 0 0 0 0 0 55 0 72 76 81 10 92 0 80 36 12 99 59 0 57 89 42 11 0 0 0 94 0 0 0 76 78 0 12 0 43 9 57 0 65 23 0 
0 58 0 1 39 0 92 0 0 0 50 0 36 0 0 90 0 70 28 84 0 11 12 1 59 77 4 96 82 39 0 57 0 65 0 0 25 0 53 64 0 0 0 43 0 11 56 0 0 0 78 98 0 0 41 41 0 0 0 0 14 0 0 31 0 19 0 60 24 15 15 0 0 0 0 26 47 55 88 33 59 0 30 62 0 61 65 55 0 0 0 0 0 52 51 96 89 46 91 2 
93 8 0 0 96 0 28 9 0 75 0 0 46 0 0 0 14 0 38 0 0 93 0 20 0 43 24 33 0 0 0 0 44 45 15 0 64 0 16 0 82 0 99 49 97 97 0 85 0 84 0 36 66 0 0 45 0 0 28 93 19 2 37 0 58 0 85 0 0 0 29 0 83 1 0 0 16 5 0 0 0 75 0 6 75 0 0 0 0 1 19 67 0 0 0 1 0 43 69 85 
0 48 0 0 41 88 0 80 0 0 94 0 0 0 0 86 22 13 13 89 91 0 66 0 0 0 5 46 0 86 0 0 61 0 0 54 0 44 0 0 75 41 89 50 0 0 0 45 82 65 54 60 72 85 95 0 0 0 57 31 6 0 32 0 25 0 0 0 49 83 2 0 10 9 0 0 2 27 31 0 14 0 0 0 0 70 0 0 0 0 15 72 0 0 0 67 0 0 93 0 
0 12 0 0 0 0 35 0 0 2 91 19 7 21 4 91 89 0 0 0 22 83 0 0 0 34 0 66 73 0 0 0 21 0 0 78 0 3 83 47 0 0 29 2 0 0 0 0 80 0 79 35 0 0 0 52 95 0 89 74 47 0 36 25 0 0 0 0 20 13 0 0 0 71 41 50 0 0 0 0 46 0 12 55 0 0 40 86 23 17 0 53 60 54 97 0 0 28 0 0 
0 0 0 0 0 57 0 61 68 98 0 88 88 0 0 81 0 5 65 0 39 77 8 0 94 0 0 0 20 0 80 0 75 51 0 0 0 0 0 76 71 46 0 42 10 0 0 0 0 45 0 95 13 78 48 0 48 95 69 90 0 32 0 0 0 0 9 0 3 72 0 0 0 20 18 40 0 0 49 80 56 0 39 94 54 48 0 30 0 0 0 45 0 29 27 0 0 0 0 0 
0 0 40 6 0 16 6 0 17 0 50 0 77 99 46 0 7 0 83 0 0 12 46 78 0 90 31 0 0 0 11 0 0 42 0 0 0 0 0 22 0 93 42 0 8 74 24 58 0 64 13 88 0 18 40 10 0 46 0 0 0 0 0 0 97 99 75 0 7 93 0 73 41 0 18 0 35 0 0 0 91 2 40 0 0 0 0 0 0 0 0 94 0 0 34 64 0 73 0 53 
0 0 35 0 0 0 83 57 0 0 44 0 27 29 80 0 0 1 85 91 1 67 94 0 19 99 59 10 0 0 12 50 0 0 22 0 29 58 89 0 93 44 25 96 0 56 0 17 42 77 19 78 0 70 0 38 65 0 0 66 0 42 49 0 0 0 19 26 0 0 14 50 41 0 16 0 25 0 11 30 52 0 0 0 9 89 0 0 16 66 51 93 80 0 22 0 83 0 16 81 
37 54 0 0 77 77 14 0 36 6 51 0 0 0 37 45 0 42 37 0 0 0 13 31 0 0 13 0 0 0 0 41 0 0 0 97 0 69 95 38 72 51 14 77 0 16 97 0 0 58 0 0 36 68 0 0 3 40 0 0 0 0 37 24 0 47 64 54 0 56 40 0 60 0 0 0 0 56 0 0 0 0 84 0 48 0 63 52 0 0 0 16 32 67 32 0 0 0 62 0 
0 0 0 0 0 0 0 0 18 0 0 85 55 93 74 89 0 61 0 34 88 0 30 0 18 2 89 81 0 24 0 0 62 65 97 0 68 0 0 86 12 0 0 0 57 0 0 0 25 0 94 87 0 42 0 0 0 27 30 22 25 0 59 32 70 72 14 52 19 97 0 40 0 87 0 0 0 62 0 0 52 0 0 35 17 30 13 20 85 0 0 41 32 58 0 0 59 0 0 46 
46 12 0 96 0 0 0 77 0 0 50 0 0 0 25 0 17 96 0 0 0 0 57 0 0 82 0 78 0 20 0 0 77 0 68 25 89 34 0 0 42 0 0 0 0 0 66 0 13 29 0 93 0 0 0 9 53 0 0 0 0 89 0 39 0 0 0 0 24 0 0 0 0 26 0 0 98 0 0 70 0 0 55 0 23 44 0 15 95 0 0 0 53 0 0 0 0 18 0 54 
5 25 19 0 25 0 0 0 0 0 0 85 93 0 45 0 83 12 0 52 71 0 4 48 0 0 0 0 0 0 0 76 0 0 94 55 9 27 0 57 0 0 0 54 0 0 51 0 0 0 0 57 0 5 0 0 0 31 0 90 0 0 0 0 0 99 45 10 0 0 0 0 0 0 0 0 0 40 16 0 30 83 0 98 0 0 0 0 0 0 0 0 0 71 92 0 0 0 0 84 
87 0 0 0 0 0 0 37 0 61 0 0 61 63 22 89 0 9 0 0 0 16 0 0 5 59 0 0 7 33 6 0 0 0 0 0 0 0 90 77 0 0 0 0 0 84 35 82 0 65 0 97 62 27 0 0 0 0 0 87 43 3 38 0 0 50 0 0 0 69 0 95 95 0 0 80 96 45 0 0 0 0 0 16 0 0 1 0 0 0 0 88 0 36 90 48 0 0 0 0 
83 20 0 0 36 0 0 0 6 69 96 90 72 0 97 0 30 0 35 0 0 56 97 0 9 0 0 44 0 0 30 0 12 0 92 22 0 94 88 24 90 0 80 87 0 83 0 0 0 63 12 46 6 0 75 0 82 0 0 0 17 0 53 12 0 51 0 52 0 26 0 97 12 36 62 21 8 84 0 50 0 95 39 0 0 0 0 99 0 77 40 10 0 36 0 0 0 0 0 17 
0 35 0 0 0 0 42 24 92 66 0 0 0 0 32 0 2 0 55 0 0 28 0 5 97 63 50 0 0 0 0 0 93 0 4 74 0 0 86 0 0 0 0 0 0 0 69 0 32 0 0 41 11 82 23 0 90 0 91 0 0 68 12 0 0 96 86 0 34 71 0 0 15 35 32 0 0 38 3 17 0 0 5 15 0 36 38 0 0 0 59 25 0 0 38 73 0 33 83 0 
0 37 0 0 94 0 69 86 1 85 66 60 0 69 0 90 60 0 0 75 0 0 69 89 0 82 23 0 0 0 23 52 97 0 0 90 31 35 71 77 36 29 25 86 0 81 0 83 0 0 0 86 0 0 5 79 2 0 13 0 4 0 62 0 0 84 82 60 6 0 21 0 0 35 0 0 0 39 55 46 48 63 0 22 0 0 0 45 0 68 8 0 93 0 74 65 72 0 0 0 
61 75 13 0 45 0 0 66 0 0 96 0 0 0 0 0 0 0 0 28 0 53 0 17 0 0 84 0 0 66 0 0 5 81 19 98 0 0 83 0 0 0 0 0 20 61 0 69 0 22 64 19 0 55 0 0 7 0 67 33 0 0 82 18 0 77 81 0 0 0 0 78 0 27 29 15 88 15 0 0 0 19 0 60 74 6 95 0 16 0 0 0 0 0 11 17 0 0 71 0 
0 0 0 0 0 0 25 17 16 0 18 0 0 0 0 0 64 0 56 88 0 0 27 1 79 39 31 57 23 29 40 0 99 81 89 11 4 0 32 30 15 0 6 25 0 0 54 0 0 71 0 0 0 99 53 49 0 0 0 92 80 0 89 97 94 0 0 0 62 0 0 0 35 0 41 0 0 97 96 0 0 49 41 58 58 43 7 70 93 0 0 1 30 0 0 86 56 0 0 0 
0 68 0 0 0 13 0 80 4 81 88 47 0 0 33 0 0 0 37 65 0 92 22 55 51 0 42 0 55 0 0 43 51 92 0 0 11 0 0 88 0 0 0 61 0 24 0 10 80 0 12 29 3 15 69 0 93 0 0 47 0 0 0 29 0 0 32 89 37 41 0 73 16 94 70 9 31 0 0 0 0 0 0 0 0 50 91 0 71 0 0 20 77 0 5 5 0 15 24 94 
11 0 7 13 18 82 39 0 0 0 9 0 0 42 51 28 0 0 62 0 0 0 27 93 0 0 20 23 94 77 0 29 71 0 0 0 0 0 0 0 0 0 93 0 30 0 79 9 0 0 17 28 39 0 0 0 0 0 71 3 16 0 0 0 39 52 59 13 54 0 0 0 0 80 0 0 87 0 0 6 0 33 35 43 2 33 88 0 19 0 11 9 0 61 39 66 98 22 79 0 
77 29 0 34 6 0 31 70 0 0 64 0 77 0 0 0 91 55 78 16 29 0 0 61 0 64 0 26 81 97 0 15 0 0 26 0 51 21 62 69 0 0 44 56 67 11 0 34 95 0 0 0 0 66 38 10 0 0 0 0 48 83 0 49 19 0 12 34 0 0 0 58 88 33 0 95 0 11 0 41 0 50 2 64 20 0 0 87 80 84 0 42 0 14 33 97 0 0 0 0 
73 9 0 36 56 0 0 0 71 0 62 0 0 91 0 24 10 0 48 27 20 95 55 0 63 0 0 17 0 53 0 0 53 0 0 31 43 80 0 34 50 0 0 0 16 0 0 85 77 79 93 0 47 0 0 64 0 0 0 0 12 0 90 0 0 0 0 0 0 0 12 6 0 0 0 0 0 73 0 0 0 25 73 48 0 58 28 0 18 0 30 0 63 12 0 0 0 64 6 38 
47 40 0 73 73 60 0 49 0 0 0 43 59 0 98 19 48 3 38 0 0 0 70 82 7 93 73 93 50 76 24 44 0 7 0 86 18 96 79 0 16 0 0 0 0 8 29 52 0 0 0 0 27 81 5 0 54 14 0 0 0 0 44 0 0 0 0 97 77 0 0 74 0 44 63 95 0 50 61 0 64 7 64 16 34 14 0 76 0 48 98 0 0 95 13 0 26 0 0 32 
0 0 65 0 0 66 0 0 0 0 0 15 88 99 30 0 0 0 1 0 0 79 0 0 56 0 0 18 0 33 69 0 65 75 0 55 66 0 0 32 85 0 54 99 0 71 0 0 0 4 6 0 0 64 0 0 0 0 49 30 53 0 6 0 0 43 58 82 0 67 0 82 52 0 75 43 0 0 95 0 0 45 0 24 0 84 0 0 0 0 0 0 14 1 57 90 0 15 42 0 
0 0 85 0 67 43 36 51 3 0 0 0 80 56 61 30 0 88 0 0 0 0 68 0 89 0 44 3 61 2 20 0 8 0 74 0 0 99 91 0 0 91 0 0 0 72 71 0 0 93 68 34 93 76 0 0 0 34 0 0 3 6 0 0 87 37 66 0 38 0 0 0 36 0 0 0 0 25 40 0 0 0 98 91 0 62 0 56 98 0 0 0 0 0 87 90 90 6 0 0 
87 0 52 46 83 0 71 15 0 0 0 0 0 0 0 99 0 53 0 88 0 41 5 99 0 7 27 0 33 0 0 7 30 83 13 94 65 29 0 0 0 0 60 0 90 15 0 93 58 13 0 0 0 0 7 0 42 0 0 44 0 99 0 0 48 41 22 32 1 40 3 0 26 0 0 27 0 89 0 0 66 16 9 35 0 49 0 20 32 0 0 47 52 99 0 0 10 0 21 13 
0 39 79 84 0 92 94 56 20 64 0 0 97 14 0 12 95 0 0 33 0 59 0 65 0 0 0 87 70 77 0 43 25 46 0 0 40 37 89 52 4 36 0 0 0 20 0 43 0 29 0 0 0 0 92 22 0 5 0 0 0 13 0 51 88 0 44 0 0 0 0 13 0 0 88 0 63 0 0 91 0 0 0 0 0 0 0 0 0 9 80 0 20 0 0 86 0 88 0 0 
61 27 56 0 0 0 0 90 0 0 0 0 0 64 72 0 0 71 0 0 0 0 0 80 0 0 0 0 0 0 2 0 0 0 0 0 0 26 27 64 0 0 86 85 0 64 75 62 0 8 0 43 49 81 0 0 10 0 0 66 0 60 91 12 20 0 0 0 87 0 65 78 51 0 48 0 81 26 13 10 0 0 0 11 69 0 33 27 83 23 0 0 0 0 0 0 0 0 0 0 
0 31 0 78 0 19 0 2 72 0 24 0 0 22 0 74 0 92 64 0 0 0 0 0 0 0 0 0 0 40 12 0 0 0 0 15 64 48 0 0 0 0 0 0 35 0 0 52 50 28 0 0 0 0 0 0 1 40 0 85 80 25 0 0 83 0 0 0 38 7 8 0 0 14 0 43 50 42 78 75 30 0 0 80 0 97 0 0 0 0 16 0 22 52 0 0 54 4 41 48 
0 0 0 0 6 82 40 0 64 83 25 0 43 0 0 4 0 69 74 0 39 0 0 0 4 49 0 44 0 70 29 0 32 46 0 4 70 10 87 60 0 37 0 21 0 20 0 54 0 58 0 0 10 0 59 0 0 43 0 18 29 67 26 84 94 25 94 36 0 0 0 0 0 0 19 25 0 0 0 82 0 47 0 83 0 74 0 39 0 8 0 25 46 72 32 63 63 0 47 0 
55 90 49 27 27 48 89 5 0 0 0 0 0 0 0 51 0 43 57 0 0 86 66 0 0 0 0 82 42 0 0 0 45 0 73 0 0 0 0 32 0 46 31 0 85 51 99 66 0 62 8 0 99 0 68 0 57 95 64 33 39 0 0 87 0 12 0 68 0 40 0 7 0 24 92 75 44 1 14 87 76 0 82 0 51 91 0 0 70 0 0 62 0 29 57 48 0 39 0 78 
0 0 95 29 0 68 0 94 0 23 53 25 44 0 0 0 0 72 0 14 7 0 0 0 0 0 25 42 40 0 57 49 25 0 0 90 0 55 29 0 0 0 0 60 41 12 45 0 80 0 69 0 83 0 80 0 1 85 41 0 0 47 81 85 0 0 0 0 88 19 0 95 74 0 3 21 0 0 0 0 26 74 0 97 43 94 80 0 0 48 0 50 0 75 0 0 85 62 13 0 
0 28 0 0 4 0 80 0 0 0 0 52 0 93 40 0 71 61 54 0 0 0 0 55 0 0 0 43 0 81 0 0 60 0 30 0 0 54 0 0 0 41 36 0 0 0 32 40 0 30 0 31 0 0 74 27 0 0 72 0 23 0 88 84 80 75 49 0 49 0 10 86 13 92 0 0 0 0 77 7 2 6 0 41 57 0 0 0 31 0 0 37 73 0 0 0 43 12 0 0 
1 97 63 11 90 0 84 0 0 0 25 41 0 79 33 11 0 65 0 27 46 0 38 0 11 0 0 93 0 0 0 15 0 0 0 48 16 0 23 42 20 0 27 78 36 0 31 87 35 0 96 46 0 68 0 33 0 0 0 0 64 0 0 0 0 97 58 28 62 0 52 60 37 0 39 63 21 97 74 85 95 0 0 0 0 0 16 33 0 0 0 79 51 22 0 0 0 36 97 63 
62 24 0 0 0 0 0 0 0 18 99 0 0 0 36 39 0 17 62 0 0 0 0 0 17 86 0 0 0 56 59 33 1 44 0 0 0 21 83 0 0 36 7 13 45 0 47 0 0 57 0 0 51 7 78 0 9 49 90 9 2 0 0 35 20 76 6 0 75 11 92 71 0 0 0 50 0 0 0 0 0 41 65 0 68 12 0 18 0 0 21 80 30 30 8 0 0 32 0 0 
0 0 28 0 57 0 0 26 0 0 0 97 42 14 0 68 60 0 0 0 45 96 90 0 73 0 58 0 0 35 0 0 0 0 0 0 10 86 0 1 14 16 71 89 0 45 0 71 60 11 0 0 23 43 0 0 40 19 0 54 0 0 0 0 75 59 82 0 12 0 0 0 0 48 0 0 0 0 11 37 0 0 33 0 0 0 0 0 0 36 0 0 60 0 68 0 90 53 0 0 
0 0 0 55 0 72 35 0 16 0 0 26 0 0 0 86 54 94 0 0 46 46 0 0 0 27 2 0 0 0 10 72 61 5 0 0 29 0 0 69 0 15 0 0 0 0 0 0 0 67 0 0 0 41 0 2 93 36 0 58 0 6 0 0 79 13 0 11 0 0 40 0 21 0 0 8 59 0 0 0 0 31 40 17 0 0 36 0 69 47 18 49 73 50 12 29 45 0 0 44 
91 0 25 0 0 51 69 0 0 0 59 0 0 0 52 1 72 0 70 0 61 0 0 0 0 97 90 93 0 91 0 0 0 76 54 87 14 34 0 93 3 0 0 0 0 23 0 0 0 0 90 0 79 0 0 0 8 46 51 90 0 0 32 66 0 37 0 0 68 0 0 6 0 15 0 0 98 0 8 15 83 0 81 0 89 0 0 86 13 0 21 0 85 98 0 35 0 0 0 21 
0 59 0 0 0 65 0 45 0 90 0 0 95 0 40 0 0 0 72 55 0 0 60 88 18 11 27 0 29 0 0 80 0 57 97 0 0 0 99 29 51 19 0 23 7 0 0 65 24 45 87 0 5 87 29 0 0 91 0 17 70 34 35 0 0 0 46 0 18 33 0 31 0 0 49 68 25 0 0 9 13 9 21 60 0 80 0 43 0 41 0 0 70 4 84 0 6 93 0 0 
22 43 53 58 54 77 24 0 0 50 0 0 11 0 0 0 0 54 0 0 78 0 0 0 73 90 0 33 4 78 41 0 35 0 36 6 70 96 0 82 57 0 0 46 0 0 0 0 18 66 0 7 0 0 75 0 9 0 16 0 92 0 0 16 0 84 0 60 1 50 0 92 0 0 65 0 23 0 0 39 0 66 65 0 0 17 0 0 0 0 0 0 99 0 42 0 5 0 0 18 
0 0 0 93 75 0 0 0 69 7 0 0 0 0 92 0 5 0 10 0 76 0 16 87 0 0 78 0 0 0 99 89 48 0 90 75 0 0 20 59 0 73 0 0 0 0 0 11 27 90 9 0 0 90 0 12 32 0 35 56 40 0 0 0 0 45 5 0 0 7 0 25 59 88 0 0 0 0 71 42 59 32 48 48 72 11 0 43 15 79 50 5 0 0 0 0 0 0 0 3 
49 12 0 1 3 0 0 0 64 56 0 0 0 23 71 79 81 0 0 0 17 29 0 0 0 0 0 62 80 0 0 92 0 0 0 0 0 15 37 37 61 0 83 26 0 73 73 20 0 0 82 0 0 69 2 0 91 0 68 2 33 91 6 70 0 41 6 0 41 77 0 66 0 18 0 77 0 4 0 29 98 0 0 97 0 0 0 79 0 38 0 1 0 94 60 46 19 0 0 13 
0 29 76 4 0 0 0 10 36 0 0 53 72 3 0 25 0 0 0 0 0 0 0 92 2 82 57 0 0 0 0 8 60 71 0 18 0 0 0 0 59 0 4 72 91 0 0 0 0 85 76 66 92 0 84 98 73 0 72 99 0 91 68 0 84 0 0 11 0 54 0 52 0 24 0 17 0 0 48 99 0 26 69 71 67 63 0 0 21 0 85 0 0 25 71 0 69 0 0 0 
0 82 42 96 94 33 33 0 0 0 21 59 0 0 58 42 0 70 0 10 37 62 0 22 49 80 81 0 0 0 34 46 91 0 0 77 68 0 0 0 0 1 0 99 0 93 41 89 61 29 0 0 17 0 18 0 21 0 0 81 0 19 0 0 5 57 67 98 0 24 97 58 0 60 38 54 0 0 10 0 0 0 17 6 86 93 24 80 16 0 19 57 75 44 0 0 0 43 0 45 
0 84 0 0 49 60 0 75 0 34 0 67 37 11 0 44 0 0 44 24 0 2 85 87 0 72 51 15 23 58 10 47 46 95 0 0 0 0 0 0 0 83 0 0 0 42 26 0 77 0 0 0 0 0 98 0 55 0 0 0 0 56 10 84 19 0 48 92 0 0 0 0 46 0 81 10 74 0 8 53 0 95 0 0 0 87 0 17 0 12 0 29 51 99 97 28 24 0 68 1 
0 0 0 91 0 54 34 68 0 0 0 33 0 0 8 0 14 60 59 0 0 0 28 0 0 17 0 0 51 0 38 94 88 0 92 0 1 20 0 0 67 18 0 97 0 0 40 0 0 80 94 0 0 45 0 61 0 65 77 33 0 55 16 0 0 22 81 0 91 34 0 0 38 57 70 0 0 90 0 23 0 82 43 4 95 68 16 17 0 18 0 0 52 30 98 0 2 0 0 0 
0 0 84 67 0 0 10 23 72 32 60 0 1 0 0 17 32 0 0 0 0 0 0 28 75 0 0 91 88 18 0 0 17 0 0 70 0 0 0 0 0 4 75 8 47 0 0 0 92 0 68 69 74 0 0 0 0 0 36 7 0 89 0 36 0 0 68 21 0 46 26 0 79 56 89 0 29 0 86 0 13 48 59 59 39 0 0 0 0 39 79 2 0 0 44 0 68 60 7 0 
10 0 48 97 0 0 0 74 71 49 53 50 28 0 0 0 0 94 47 69 54 34 72 23 75 83 0 88 33 0 24 95 56 31 28 0 52 0 61 99 80 4 72 0 0 39 0 0 0 0 0 3 0 0 63 40 0 0 0 0 0 41 70 0 0 49 81 59 24 56 71 77 61 47 0 34 94 0 0 0 0 94 0 83 92 90 0 0 72 15 0 75 0 24 0 0 4 70 19 0 
3 72 0 57 95 0 0 0 57 0 0 26 38 6 0 58 0 35 0 0 0 0 34 0 19 0 0 18 0 0 0 49 0 0 32 28 47 56 0 65 24 0 0 6 0 0 0 0 22 2 0 0 19 0 0 89 0 0 0 0 64 64 0 55 95 0 72 0 42 0 0 0 26 10 96 43 73 0 0 49 84 19 0 95 28 0 0 0 0 0 0 27 64 79 0 0 40 0 0 27 
39 69 0 30 0 89 79 56 0 0 0 98 0 0 65 6 71 0 0 95 65 0 22 33 0 61 0 0 43 26 37 0 39 12 15 94 0 68 0 29 84 1 0 0 0 0 0 48 0 0 0 76 77 0 63 0 72 0 0 67 0 22 0 0 98 0 0 82 23 0 0 0 88 0 0 0 43 0 42 0 70 0 27 38 0 95 88 94 0 0 0 0 32 26 0 0 69 0 57 3 
0 0 0 0 55 0 85 26 11 0 0 0 0 0 0 77 36 11 13 9 0 10 0 8 18 32 0 61 35 90 56 37 63 15 0 25 0 0 28 49 0 0 0 0 0 54 21 0 67 87 0 71 0 0 0 0 36 0 0 0 79 0 0 0 27 6 0 62 0 0 57 86 0 62 0 0 95 0 0 73 55 0 0 0 20 0 69 0 0 0 68 0 0 0 0 0 80 12 55 0 
21 45 0 0 64 0 90 39 0 0 13 51 60 55 91 0 0 26 40 99 24 0 0 0 8 0 0 0 0 73 77 84 0 0 6 0 0 0 31 0 65 0 11 0 13 72 48 0 22 0 25 68 9 0 42 0 84 0 0 0 77 0 0 0 0 82 71 0 41 0 0 39 37 0 83 0 0 14 47 0 14 0 18 65 0 89 0 0 0 83 3 10 0 0 0 3 19 0 97 6 
0 45 0 0 0 73 0 49 83 47 51 92 0 21 0 0 0 71 38 0 28 90 0 72 0 32 0 0 68 2 0 0 0 16 9 0 0 59 0 0 85 0 3 33 4 45 40 0 0 45 0 0 0 0 0 4 21 0 0 0 0 29 55 58 86 0 59 67 36 0 60 87 43 1 0 79 28 99 8 0 0 41 0 0 46 0 89 0 0 0 0 5 0 0 0 0 6 0 0 0 
0 0 1 0 0 73 0 45 9 39 0 56 39 18 25 87 43 0 10 88 55 65 25 97 6 96 83 0 0 0 0 0 0 22 8 48 36 0 0 1 8 0 0 29 98 72 87 29 0 0 78 0 0 0 10 0 0 0 0 0 67 0 0 0 58 2 0 0 17 71 0 0 20 0 0 0 0 61 0 0 7 0 35 65 40 0 70 0 0 71 0 20 0 19 92 22 4 0 86 78 
0 0 11 53 0 71 0 0 87 0 43 0 0 0 73 35 47 44 0 35 0 82 2 54 0 0 0 0 16 7 0 84 74 82 18 0 47 0 29 0 0 11 85 56 0 0 55 0 0 0 0 0 0 0 88 0 0 0 50 99 76 89 0 0 0 97 84 0 68 0 0 0 0 0 15 67 0 0 94 14 0 98 0 57 63 94 0 0 22 0 63 98 0 78 0 0 0 78 0 24 
0 0 0 0 83 66 0 0 0 0 0 0 0 0 25 32 92 0 0 47 36 3 0 0 0 21 0 0 95 95 0 62 0 0 0 37 0 29 0 0 0 4 71 0 0 0 0 56 6 0 29 80 0 1 67 0 0 0 48 87 59 0 35 93 0 0 0 10 0 77 18 58 40 0 20 53 32 0 0 40 0 54 10 55 0 45 0 58 0 31 29 47 21 62 85 0 76 29 78 11 
